0.002000 1000
0.002000 1000
0.001000 1000
0.002000 1000
0.000000 100
0.002000 1000
0.000000 100
0.022000 4000
0.002000 1000
0.000000 100
0.022000 4000
0.034000 5023
0.001000 1000
0.000000 100
0.022000 4000
0.037000 5023
0.002000 1000
0.000000 100
0.022000 4000
0.034000 5023
0.001000 1000
0.000000 100
0.022000 4000
0.034000 5023
0.002000 1000
0.000000 100
0.027000 4000
0.034000 5023
0.032000 4893
0.002000 1000
0.000000 100
0.022000 4000
0.035000 5023
0.034000 4893
0.001000 1000
0.000000 100
0.024000 4000
0.034000 5023
0.051000 6009
